3.287137603759765625e+01
3.162372398376464844e+01
3.042516326904296875e+01
2.927375984191894531e+01
2.816763877868652344e+01
2.710500717163085938e+01
2.608413887023925781e+01
2.510339164733886719e+01
2.416115760803222656e+01
2.325592613220214844e+01
2.238623046875000000e+01
2.155065727233886719e+01
2.074786186218261719e+01
1.997654342651367188e+01
1.923546218872070312e+01
1.852340888977050781e+01
1.783924102783203125e+01
1.718185806274414062e+01
1.655019378662109375e+01
1.594323635101318359e+01
1.536000347137451172e+01
1.479956054687500000e+01
1.426100540161132812e+01
1.374347209930419922e+01
1.324612712860107422e+01
1.276817417144775391e+01
1.230884265899658203e+01
1.186740207672119141e+01
1.144314193725585938e+01
1.103538608551025391e+01
1.064347934722900391e+01
1.026679611206054688e+01
9.904734611511230469e+00
9.556717872619628906e+00
9.222192764282226562e+00
8.900623321533203125e+00
8.591503143310546875e+00
8.294334411621093750e+00
8.008648872375488281e+00
7.733993530273437500e+00
7.469932079315185547e+00
7.216047763824462891e+00
6.971939563751220703e+00
6.737219810485839844e+00
6.511518955230712891e+00
6.294485092163085938e+00
6.085772037506103516e+00
5.885054111480712891e+00
5.692016124725341797e+00
5.506355762481689453e+00
5.327782630920410156e+00
5.156016826629638672e+00
4.990792751312255859e+00
4.831851959228515625e+00
4.678946018218994141e+00
4.531838893890380859e+00
4.390301704406738281e+00
4.254118442535400391e+00
4.123075485229492188e+00
3.996973037719726562e+00
3.875616073608398438e+00
3.758819580078125000e+00
3.646403551101684570e+00
3.538196325302124023e+00
3.434033870697021484e+00
3.333756685256958008e+00
3.237213134765625000e+00
3.144257783889770508e+00
3.054748773574829102e+00
2.968552589416503906e+00
2.885538101196289062e+00
2.805583238601684570e+00
2.728566884994506836e+00
2.654375076293945312e+00
2.582896947860717773e+00
2.514027357101440430e+00
2.447664499282836914e+00
2.383710384368896484e+00
2.322071313858032227e+00
2.262658119201660156e+00
2.205383062362670898e+00
2.150163650512695312e+00
2.096920490264892578e+00
2.045575618743896484e+00
1.996057271957397461e+00
1.948292970657348633e+00
1.902215242385864258e+00
1.857759833335876465e+00
1.814862847328186035e+00
1.773464918136596680e+00
1.733506917953491211e+00
1.694935321807861328e+00
1.657695055007934570e+00
1.621735692024230957e+00
1.587007641792297363e+00
1.553463697433471680e+00
1.521058678627014160e+00
1.489748477935791016e+00
1.459491372108459473e+00
1.430247664451599121e+00
1.401977539062500000e+00
1.374644517898559570e+00
1.348212718963623047e+00
1.322648048400878906e+00
1.297917366027832031e+00
1.273988604545593262e+00
1.250832319259643555e+00
1.228418469429016113e+00
1.206719398498535156e+00
1.185707569122314453e+00
1.165357708930969238e+00
1.145644664764404297e+00
1.126544713973999023e+00
1.108034491539001465e+00
1.090092182159423828e+00
1.072696208953857422e+00
1.055826544761657715e+00
1.039463520050048828e+00
1.023588299751281738e+00
1.008182764053344727e+00
9.932294487953186035e-01
9.787118434906005859e-01
9.646137356758117676e-01
9.509195685386657715e-01
9.376147389411926270e-01
9.246850013732910156e-01
9.121164083480834961e-01
8.998960852622985840e-01
8.880111575126647949e-01
8.764498233795166016e-01
8.651999831199645996e-01
8.542504906654357910e-01
8.435908555984497070e-01
8.332102298736572266e-01
8.230989575386047363e-01
8.132474422454833984e-01
8.036463260650634766e-01
7.942867875099182129e-01
7.851605415344238281e-01
7.762587666511535645e-01
7.675743103027343750e-01
7.590990662574768066e-01
7.508260607719421387e-01
7.427484393119812012e-01
7.348589301109313965e-01
7.271513938903808594e-01
7.196195721626281738e-01
7.122575640678405762e-01
7.050594091415405273e-01
6.980197429656982422e-01
6.911332011222839355e-01
6.843946576118469238e-01
6.777990460395812988e-01
6.713417172431945801e-01
6.650183200836181641e-01
6.588240861892700195e-01
6.527550220489501953e-01
6.468070149421691895e-01
6.409761309623718262e-01
6.352587938308715820e-01
6.296510100364685059e-01
6.241495609283447266e-01
6.187512278556823730e-01
6.134524941444396973e-01
6.082503795623779297e-01
6.031417250633239746e-01
5.981239080429077148e-01
5.931939482688903809e-01
5.883495211601257324e-01
5.835877060890197754e-01
5.789059400558471680e-01
5.743021965026855469e-01
5.697738528251647949e-01
5.653190016746520996e-01
5.609353184700012207e-01
5.566208362579345703e-01
5.523734092712402344e-01
5.481913089752197266e-01
5.440727472305297852e-01
5.400157570838928223e-01
5.360187888145446777e-01
5.320800542831420898e-01
5.281980633735656738e-01
5.243713259696960449e-01
5.205982327461242676e-01
5.168774724006652832e-01
5.132076144218444824e-01
5.095874667167663574e-01
5.060155391693115234e-01
5.024907588958740234e-01
4.990119636058807373e-01
4.955776929855346680e-01
4.921873509883880615e-01
4.888394474983215332e-01
4.855331182479858398e-01
4.822674095630645752e-01
4.790413379669189453e-01
4.758538007736206055e-01
4.727042019367218018e-01
4.695913195610046387e-01
4.665145576000213623e-01
4.634729623794555664e-01
4.604660868644714355e-01
4.574927985668182373e-01
4.545523524284362793e-01
4.516443908214569092e-01
4.487679004669189453e-01
4.459224045276641846e-01
4.431071579456329346e-01
4.403215646743774414e-01
4.375650286674499512e-01
4.348369836807250977e-01
4.321369826793670654e-01
4.294641911983489990e-01
4.268182814121246338e-01
4.241986572742462158e-01
4.216049909591674805e-01
4.190366268157958984e-01
4.164931476116180420e-01
4.139741659164428711e-01
4.114791154861450195e-01
4.090075790882110596e-01
4.065594077110290527e-01
4.041338264942169189e-01
4.017306566238403320e-01
3.993495702743530273e-01
3.969899713993072510e-01
3.946517705917358398e-01
3.923344016075134277e-01
3.900377154350280762e-01
3.877611458301544189e-01
3.855046331882476807e-01
3.832677602767944336e-01
3.810501992702484131e-01
3.788515925407409668e-01
3.766719102859497070e-01
3.745106160640716553e-01
3.723675608634948730e-01
3.702424764633178711e-01
3.681350350379943848e-01
3.660449981689453125e-01
3.639722466468811035e-01
3.619163632392883301e-01
3.598773479461669922e-01
3.578547537326812744e-01
3.558484613895416260e-01
3.538582324981689453e-01
3.518838584423065186e-01
3.499250710010528564e-01
3.479818701744079590e-01
3.460538089275360107e-01
3.441410064697265625e-01
3.422429561614990234e-01
3.403595387935638428e-01
3.384907543659210205e-01
3.366363644599914551e-01
3.347960710525512695e-01
3.329698145389556885e-01
3.311574161052703857e-01
3.293586075305938721e-01
3.275734782218933105e-01
3.258016705513000488e-01
3.240430355072021484e-01
3.222976028919219971e-01
3.205650746822357178e-01
3.188453316688537598e-01
3.171381652355194092e-01
3.154435753822326660e-01
3.137614130973815918e-01
3.120914995670318604e-01
3.104337453842163086e-01
3.087879419326782227e-01
3.071539700031280518e-01
3.055317997932434082e-01
3.039213120937347412e-01
3.023223578929901123e-01
3.007346987724304199e-01
2.991584837436676025e-01
2.975933849811553955e-01
2.960393726825714111e-01
2.944962382316589355e-01
2.929640710353851318e-01
2.914425730705261230e-01
2.899318039417266846e-01
2.884315252304077148e-01
2.869417071342468262e-01
2.854622900485992432e-01
2.839930951595306396e-01
2.825340330600738525e-01
2.810851037502288818e-01
2.796460986137390137e-01
2.782170176506042480e-01
2.767976820468902588e-01
2.753881514072418213e-01
2.739881575107574463e-01
2.725977599620819092e-01
2.712167501449584961e-01
2.698451578617095947e-01
2.684828639030456543e-01
2.671297192573547363e-01
2.657857239246368408e-01
2.644508183002471924e-01
2.631248533725738525e-01
2.618077397346496582e-01
2.604995071887969971e-01
2.591999769210815430e-01
2.579090595245361328e-01
2.566267848014831543e-01
2.553530335426330566e-01
2.540877461433410645e-01
2.528308033943176270e-01
2.515822350978851318e-01
2.503418624401092529e-01
2.491096556186676025e-01
2.478855252265930176e-01
2.466695457696914673e-01
2.454614639282226562e-01
2.442613095045089722e-01
2.430690377950668335e-01
2.418844848871231079e-01
2.407076209783554077e-01
2.395384609699249268e-01
2.383769005537033081e-01
2.372228652238845825e-01
2.360763102769851685e-01
2.349372357130050659e-01
2.338054329156875610e-01
2.326809763908386230e-01
2.315637171268463135e-01
2.304536700248718262e-01
2.293507456779479980e-01
2.282548844814300537e-01
2.271660417318344116e-01
2.260842174291610718e-01
2.250092476606369019e-01
2.239411771297454834e-01
2.228798866271972656e-01
2.218253463506698608e-01
2.207775115966796875e-01
2.197363078594207764e-01
2.187017053365707397e-01
2.176736891269683838e-01
2.166521251201629639e-01
2.156370133161544800e-01
2.146283537149429321e-01
2.136259824037551880e-01
2.126299142837524414e-01
2.116401493549346924e-01
2.106565684080123901e-01
2.096791714429855347e-01
2.087078243494033813e-01
2.077426016330718994e-01
2.067833691835403442e-01
2.058301120996475220e-01
2.048828303813934326e-01
2.039414346218109131e-01
2.030058801174163818e-01
2.020761072635650635e-01
2.011521458625793457e-01
2.002338171005249023e-01
1.993212550878524780e-01
1.984142661094665527e-01
1.975128948688507080e-01
1.966171115636825562e-01
1.957268118858337402e-01
1.948419511318206787e-01
1.939625591039657593e-01
1.930885314941406250e-01
1.922198683023452759e-01
1.913565248250961304e-01
1.904984712600708008e-01
1.896456480026245117e-01
1.887979954481124878e-01
1.879555284976959229e-01
1.871182024478912354e-01
1.862859576940536499e-01
1.854587346315383911e-01
1.846365332603454590e-01
1.838193535804748535e-01
1.830070465803146362e-01
1.821997463703155518e-01
1.813972592353820801e-01
1.805996149778366089e-01
1.798067539930343628e-01
1.790186762809753418e-01
1.782353222370147705e-01
1.774567067623138428e-01
1.766827553510665894e-01
1.759134083986282349e-01
1.751486361026763916e-01
1.743884831666946411e-01
1.736329048871994019e-01
1.728817522525787354e-01
1.721351295709609985e-01
1.713929325342178345e-01
1.706551611423492432e-01
1.699217408895492554e-01
1.691927015781402588e-01
1.684679538011550903e-01
1.677474975585937500e-01
1.670313328504562378e-01
1.663193702697753906e-01
1.656116098165512085e-01
1.649080514907836914e-01
1.642086058855056763e-01
1.635132431983947754e-01
1.628219932317733765e-01
1.621348261833190918e-01
1.614516228437423706e-01
1.607725173234939575e-01
1.600973159074783325e-01
1.594260931015014648e-01
1.587587893009185791e-01
1.580953150987625122e-01
1.574357450008392334e-01
1.567800343036651611e-01
1.561281383037567139e-01
1.554799973964691162e-01
1.548355966806411743e-01
1.541949808597564697e-01
1.535580605268478394e-01
1.529248058795928955e-01
1.522952318191528320e-01
1.516692787408828735e-01
1.510469317436218262e-01
1.504281461238861084e-01
1.498129218816757202e-01
1.492012888193130493e-01
1.485931426286697388e-01
1.479884386062622070e-01
1.473872363567352295e-01
1.467894613742828369e-01
1.461950987577438354e-01
1.456041485071182251e-01
1.450165957212448120e-01
1.444323360919952393e-01
1.438514292240142822e-01
1.432737857103347778e-01
1.426994502544403076e-01
1.421284228563308716e-01
1.415605694055557251e-01
1.409959644079208374e-01
1.404345482587814331e-01
1.398762762546539307e-01
1.393212080001831055e-01
1.387692838907241821e-01
1.382203996181488037e-01
1.376746594905853271e-01
1.371318995952606201e-01
1.365922838449478149e-01
1.360556483268737793e-01
1.355220675468444824e-01
1.349914222955703735e-01
1.344637721776962280e-01
1.339390575885772705e-01
1.334172785282135010e-01
1.328983902931213379e-01
1.323824226856231689e-01
1.318693011999130249e-01
1.313590556383132935e-01
1.308516412973403931e-01
1.303470134735107422e-01
1.298452168703079224e-01
1.293461769819259644e-01
1.288498938083648682e-01
1.283563524484634399e-01
1.278655678033828735e-01
1.273774355649948120e-01
1.268920451402664185e-01
1.264092922210693359e-01
1.259292066097259521e-01
1.254517436027526855e-01
1.249769106507301331e-01
1.245046779513359070e-01
1.240350455045700073e-01
1.235679537057876587e-01
1.231034249067306519e-01
1.226414367556571960e-01
1.221819519996643066e-01
1.217249855399131775e-01
1.212705150246620178e-01
1.208184808492660522e-01
1.203689277172088623e-01
1.199217960238456726e-01
1.194770783185958862e-01
1.190347895026206970e-01
1.185948923230171204e-01
1.181573644280433655e-01
1.177222281694412231e-01
1.172893643379211426e-01
1.168588697910308838e-01
1.164306998252868652e-01
1.160048171877861023e-01
1.155812293291091919e-01
1.151599287986755371e-01
1.147408783435821533e-01
1.143240705132484436e-01
1.139094606041908264e-01
1.134970933198928833e-01
1.130869314074516296e-01
1.126789450645446777e-01
1.122731044888496399e-01
1.118694767355918884e-01
1.114679425954818726e-01
1.110685765743255615e-01
1.106713041663169861e-01
1.102761626243591309e-01
1.098830923438072205e-01
1.094920858740806580e-01
1.091031730175018311e-01
1.087162867188453674e-01
1.083314418792724609e-01
1.079486533999443054e-01
1.075678542256355286e-01
1.071890667080879211e-01
1.068122610449790955e-01
1.064374074339866638e-01
1.060645356774330139e-01
1.056936383247375488e-01
1.053246706724166870e-01
1.049576178193092346e-01
1.045924946665763855e-01
1.042292416095733643e-01
1.038679182529449463e-01
1.035084500908851624e-01
1.031508520245552063e-01
1.027951240539550781e-01
1.024412363767623901e-01
1.020891889929771423e-01
1.017389371991157532e-01
1.013905107975006104e-01
1.010438799858093262e-01
1.006990373134613037e-01
1.003559604287147522e-01
1.000146567821502686e-01
9.967510402202606201e-02
9.933731704950332642e-02
9.900124371051788330e-02
9.866689890623092651e-02
9.833426773548126221e-02
9.800335764884948730e-02
9.767412394285202026e-02
9.734653681516647339e-02
9.702066332101821899e-02
9.669641405344009399e-02
9.637386351823806763e-02
9.605292975902557373e-02
9.573362022638320923e-02
9.541593492031097412e-02
9.509985148906707764e-02
9.478537738323211670e-02
9.447250515222549438e-02
9.416117519140243530e-02
9.385143220424652100e-02
9.354329109191894531e-02
9.323665499687194824e-02
9.293160587549209595e-02
9.262804687023162842e-02
9.232603013515472412e-02
9.202554076910018921e-02
9.172654151916503906e-02
9.142902493476867676e-02
9.113302826881408691e-02
9.083850681781768799e-02
9.054543823003768921e-02
9.025383740663528442e-02
8.996370434761047363e-02
8.967499434947967529e-02
8.938772976398468018e-02
8.910188823938369751e-02
8.881746232509613037e-02
8.853445947170257568e-02
8.825282752513885498e-02
8.797260373830795288e-02
8.769376575946807861e-02
8.741630613803863525e-02
8.714022487401962280e-02
8.686549216508865356e-02
8.659210801124572754e-02
8.632007241249084473e-02
8.604938536882400513e-02
8.578000962734222412e-02
8.551194518804550171e-02
8.524520695209503174e-02
8.497976511716842651e-02
8.471560478210449219e-02
8.445276319980621338e-02
8.419119566679000854e-02
8.393090963363647461e-02
8.367186784744262695e-02
8.341410011053085327e-02
8.315757662057876587e-02
8.290228992700576782e-02
8.264824748039245605e-02
8.239545673131942749e-02
8.214385062456130981e-02
8.189348131418228149e-02
8.164430409669876099e-02
8.139634877443313599e-02
8.114958554506301880e-02
8.090399950742721558e-02
8.065956830978393555e-02
8.041637390851974487e-02
8.017430454492568970e-02
7.993339747190475464e-02
7.969363778829574585e-02
7.945504039525985718e-02
7.921756058931350708e-02
7.898125052452087402e-02
7.874602824449539185e-02
7.851193100214004517e-02
7.827895879745483398e-02
7.804708927869796753e-02
7.781632244586944580e-02
7.758662849664688110e-02
7.735805213451385498e-02
7.713054865598678589e-02
7.690411061048507690e-02
7.667875289916992188e-02
7.645446807146072388e-02
7.623121887445449829e-02
7.600901275873184204e-02
7.578787952661514282e-02
7.556775957345962524e-02
7.534869015216827393e-02
7.513065636157989502e-02
7.491360604763031006e-02
7.469759136438369751e-02
7.448258250951766968e-02
7.426858693361282349e-02
7.405558973550796509e-02
7.384356856346130371e-02
7.363254576921463013e-02
7.342252135276794434e-02
7.321345061063766479e-02
7.300534844398498535e-02
7.279821485280990601e-02
7.259203493595123291e-02
7.238682359457015991e-02
7.218254357576370239e-02
7.197919487953186035e-02
7.177679985761642456e-02
7.157532870769500732e-02
7.137481123208999634e-02
7.117521017789840698e-02
7.097650319337844849e-02
7.077872008085250854e-02
7.058183103799819946e-02
7.038585096597671509e-02
7.019077241420745850e-02
6.999657303094863892e-02
6.980326771736145020e-02
6.961084157228469849e-02
6.941929459571838379e-02
6.922860443592071533e-02
6.903879344463348389e-02
6.884984672069549561e-02
6.866174936294555664e-02
6.847450882196426392e-02
6.828811019659042358e-02
6.810256093740463257e-02
6.791784614324569702e-02
6.773395836353302002e-02
6.755089759826660156e-02
6.736867129802703857e-02
6.718724966049194336e-02
6.700666248798370361e-02
6.682687997817993164e-02
6.664789468050003052e-02
6.646971404552459717e-02
6.629232317209243774e-02
6.611574441194534302e-02
6.593993306159973145e-02
6.576491147279739380e-02
6.559067964553833008e-02
6.541723012924194336e-02
6.524451822042465210e-02
6.507258862257003784e-02
6.490144133567810059e-02
6.473103910684585571e-02
6.456137448549270630e-02
6.439246982336044312e-02
6.422431766986846924e-02
6.405690312385559082e-02
6.389024108648300171e-02
6.372427940368652344e-02
6.355907768011093140e-02
6.339459121227264404e-02
6.323084235191345215e-02
6.306777894496917725e-02
6.290546059608459473e-02
6.274382770061492920e-02
6.258291006088256836e-02
6.242270395159721375e-02
6.226318702101707458e-02
6.210436671972274780e-02
6.194623932242393494e-02
6.178880110383033752e-02
6.163205206394195557e-02
6.147596985101699829e-02
6.132058054208755493e-02
6.116583943367004395e-02
6.101178750395774841e-02
6.085840612649917603e-02
6.070568412542343140e-02
6.055360287427902222e-02
6.040217727422714233e-02
6.025142222642898560e-02
6.010130420327186584e-02
5.995181947946548462e-02
5.980299413204193115e-02
5.965480953454971313e-02
5.950725078582763672e-02
5.936032161116600037e-02
5.921401828527450562e-02
5.906833708286285400e-02
5.892329290509223938e-02
5.877885967493057251e-02
5.863502994179725647e-02
5.849181115627288818e-02
5.834921449422836304e-02
5.820721015334129333e-02
5.806580558419227600e-02
5.792501568794250488e-02
5.778481438755989075e-02
5.764519795775413513e-02
5.750616639852523804e-02
5.736772716045379639e-02
5.722988769412040710e-02
5.709259957075119019e-02
5.695589631795883179e-02
5.681976675987243652e-02
5.668422579765319824e-02
5.654924362897872925e-02
5.641481280326843262e-02
5.628095194697380066e-02
5.614764243364334106e-02
5.601489916443824768e-02
5.588272213935852051e-02
5.575106665492057800e-02
5.561995878815650940e-02
5.548940971493721008e-02
5.535939708352088928e-02
5.522993952035903931e-02
5.510099232196807861e-02
5.497259646654129028e-02
5.484472215175628662e-02
5.471736937761306763e-02
5.459054931998252869e-02
5.446425452828407288e-02
5.433847010135650635e-02
5.421321094036102295e-02
5.408846959471702576e-02
5.396421998739242554e-02
5.384050309658050537e-02
5.371727794408798218e-02
5.359455943107604980e-02
5.347234755754470825e-02
5.335063114762306213e-02
5.322940647602081299e-02
5.310867354273796082e-02
5.298844352364540100e-02
5.286869034171104431e-02
5.274942517280578613e-02
5.263064801692962646e-02
5.251234024763107300e-02
5.239452421665191650e-02
5.227718502283096313e-02
5.216030031442642212e-02
5.204389989376068115e-02
5.192797258496284485e-02
5.181251093745231628e-02
5.169751495122909546e-02
5.158297717571258545e-02
5.146889761090278625e-02
5.135527625679969788e-02
5.124210938811302185e-02
5.112938955426216125e-02
5.101712793111801147e-02
5.090529844164848328e-02
5.079393833875656128e-02
5.068301036953926086e-02
5.057251080870628357e-02
5.046246945858001709e-02
5.035285651683807373e-02
5.024367198348045349e-02
5.013492703437805176e-02
5.002662166953086853e-02
4.991873353719711304e-02
4.981127381324768066e-02
4.970423877239227295e-02
4.959762096405029297e-02
4.949142411351203918e-02
4.938564449548721313e-02
4.928028956055641174e-02
4.917533323168754578e-02
4.907080531120300293e-02
4.896666854619979858e-02
4.886295646429061890e-02
4.875963181257247925e-02
4.865673184394836426e-02
4.855421558022499084e-02
4.845210909843444824e-02
4.835038259625434875e-02
4.824906215071678162e-02
4.814814031124114990e-02
4.804759100079536438e-02
4.794746264815330505e-02
4.784769937396049500e-02
4.774832725524902344e-02
4.764933884143829346e-02
4.755072668194770813e-02
4.745250195264816284e-02
4.735464975237846375e-02
4.725719615817070007e-02
4.716008529067039490e-02
4.706336185336112976e-02
4.696699976921081543e-02
4.687101393938064575e-02
4.677539691329002380e-02
4.668014496564865112e-02
4.658525809645652771e-02
4.649073258042335510e-02
4.639656096696853638e-02
4.630275815725326538e-02
4.620929062366485596e-02
4.611621424555778503e-02
4.602346941828727722e-02
4.593107849359512329e-02
4.583902284502983093e-02
4.574733600020408630e-02
4.565598815679550171e-02
4.556498676538467407e-02
4.547432437539100647e-02
4.538401216268539429e-02
4.529402777552604675e-02
4.520438238978385925e-02
4.511509090662002563e-02
4.502611234784126282e-02
4.493747279047966003e-02
4.484917595982551575e-02
4.476120322942733765e-02
4.467355832457542419e-02
4.458623751997947693e-02
4.449925571680068970e-02
4.441258311271667480e-02
4.432623460888862610e-02
4.424020275473594666e-02
4.415450245141983032e-02
4.406911507248878479e-02
4.398402571678161621e-02
4.389927908778190613e-02
4.381483420729637146e-02
4.373070225119590759e-02
4.364688694477081299e-02
4.356336593627929688e-02
4.348016157746315002e-02
4.339725896716117859e-02
4.331466183066368103e-02
4.323237389326095581e-02
4.315038025379180908e-02
4.306868463754653931e-02
4.298729449510574341e-02
4.290620237588882446e-02
4.282541573047637939e-02
4.274490848183631897e-02
4.266468435525894165e-02
4.258476570248603821e-02
4.250514134764671326e-02
4.242580011487007141e-02
4.234674945473670959e-02
4.226798191666603088e-02
4.218950867652893066e-02
4.211129993200302124e-02
4.203338548541069031e-02
4.195575416088104248e-02
4.187840968370437622e-02
4.180133342742919922e-02
4.172452911734580994e-02
4.164802655577659607e-02
4.157175868749618530e-02
4.149579629302024841e-02
4.142009094357490540e-02
4.134466126561164856e-02
4.126950353384017944e-02
4.119461029767990112e-02
4.111998528242111206e-02
4.104562848806381226e-02
4.097153246402740479e-02
4.089769721031188965e-02
4.082411900162696838e-02
4.075082764029502869e-02
4.067777469754219055e-02
4.060499370098114014e-02
4.053245484828948975e-02
4.046018049120903015e-02
4.038815945386886597e-02
4.031638056039810181e-02
4.024488851428031921e-02
4.017361626029014587e-02
4.010261222720146179e-02
4.003185406327247620e-02
3.996134176850318909e-02
3.989106416702270508e-02
3.982104361057281494e-02
3.975126892328262329e-02
3.968174010515213013e-02
3.961244970560073853e-02
3.954340144991874695e-02
3.947459906339645386e-02
3.940603882074356079e-02
3.933770582079887390e-02
3.926961869001388550e-02
3.920175880193710327e-02
3.913413360714912415e-02
3.906675055623054504e-02
3.899960964918136597e-02
3.893267735838890076e-02
3.886598721146583557e-02
3.879952803254127502e-02
3.873330354690551758e-02
3.866730257868766785e-02
3.860152140259742737e-02
3.853596374392509460e-02
3.847064077854156494e-02
3.840554133057594299e-02
3.834066167473793030e-02
3.827600553631782532e-02
3.821156919002532959e-02
3.814734518527984619e-02
3.808335214853286743e-02
3.801957890391349792e-02
3.795601055026054382e-02
3.789266571402549744e-02
3.782952949404716492e-02
3.776661306619644165e-02
3.770390525460243225e-02
3.764141723513603210e-02
3.757913783192634583e-02
3.751706331968307495e-02
3.745520114898681641e-02
3.739355131983757019e-02
3.733211383223533630e-02
3.727086633443832397e-02
3.720984607934951782e-02
3.714900836348533630e-02
3.708838671445846558e-02
3.702796250581741333e-02
3.696774318814277649e-02
3.690772131085395813e-02
3.684790804982185364e-02
3.678829595446586609e-02
3.672887012362480164e-02
3.666965663433074951e-02
3.661063313484191895e-02
3.655180335044860840e-02
3.649316728115081787e-02
3.643473237752914429e-02
3.637649491429328918e-02
3.631843999028205872e-02
3.626057133078575134e-02
3.620290756225585938e-02
3.614543005824089050e-02
3.608814254403114319e-02
3.603103756904602051e-02
3.597412258386611938e-02
3.591740131378173828e-02
3.586086630821228027e-02
3.580449894070625305e-02
3.574833273887634277e-02
3.569234907627105713e-02
3.563654795289039612e-02
3.558092564344406128e-02
3.552548587322235107e-02
3.547022119164466858e-02
3.541515022516250610e-02
3.536024689674377441e-02
3.530552983283996582e-02
3.525097668170928955e-02
3.519661352038383484e-02
3.514242544770240784e-02
3.508840873837471008e-02
3.503456711769104004e-02
3.498090431094169617e-02
3.492740541696548462e-02
3.487407416105270386e-02
3.482093662023544312e-02
3.476795554161071777e-02
3.471515700221061707e-02
3.466250002384185791e-02
3.461003303527832031e-02
3.455772995948791504e-02
3.450559452176094055e-02
3.445363044738769531e-02
3.440182283520698547e-02
3.435019031167030334e-02
3.429871425032615662e-02
3.424741327762603760e-02
3.419626131653785706e-02
3.414528444409370422e-02
