2.559409856796264648e+00
2.528632164001464844e+00
2.498265743255615234e+00
2.468305110931396484e+00
2.438744783401489258e+00
2.409578800201416016e+00
2.380801439285278320e+00
2.352408409118652344e+00
2.324392557144165039e+00
2.296750307083129883e+00
2.269475936889648438e+00
2.242563009262084961e+00
2.216008663177490234e+00
2.189806461334228516e+00
2.163952589035034180e+00
2.138440370559692383e+00
2.113266706466674805e+00
2.088426351547241211e+00
2.063914775848388672e+00
2.039727210998535156e+00
2.015859365463256836e+00
1.992307186126708984e+00
1.969065546989440918e+00
1.946130633354187012e+00
1.923497319221496582e+00
1.901162862777709961e+00
1.879122257232666016e+00
1.857371926307678223e+00
1.835907340049743652e+00
1.814724445343017578e+00
1.793820142745971680e+00
1.773190140724182129e+00
1.752830505371093750e+00
1.732737541198730469e+00
1.712907671928405762e+00
1.693337678909301758e+00
1.674023628234863281e+00
1.654961824417114258e+00
1.636148810386657715e+00
1.617581486701965332e+00
1.599256277084350586e+00
1.581170082092285156e+00
1.563319444656372070e+00
1.545701146125793457e+00
1.528311610221862793e+00
1.511148810386657715e+00
1.494208335876464844e+00
1.477487802505493164e+00
1.460984468460083008e+00
1.444694995880126953e+00
1.428616523742675781e+00
1.412745952606201172e+00
1.397080898284912109e+00
1.381618022918701172e+00
1.366354942321777344e+00
1.351288914680480957e+00
1.336417198181152344e+00
1.321737408638000488e+00
1.307246088981628418e+00
1.292941689491271973e+00
1.278821229934692383e+00
1.264881849288940430e+00
1.251121878623962402e+00
1.237538099288940430e+00
1.224128723144531250e+00
1.210890769958496094e+00
1.197822451591491699e+00
1.184921145439147949e+00
1.172185182571411133e+00
1.159611225128173828e+00
1.147198081016540527e+00
1.134943246841430664e+00
1.122844219207763672e+00
1.110899448394775391e+00
1.099106788635253906e+00
1.087463736534118652e+00
1.075968503952026367e+00
1.064619183540344238e+00
1.053413867950439453e+00
1.042350292205810547e+00
1.031426668167114258e+00
1.020641446113586426e+00
1.009992480278015137e+00
9.994778633117675781e-01
9.890956878662109375e-01
9.788448810577392578e-01
9.687227606773376465e-01
9.587278962135314941e-01
9.488589763641357422e-01
9.391138553619384766e-01
9.294909834861755371e-01
9.199886322021484375e-01
9.106053709983825684e-01
9.013395905494689941e-01
8.921896219253540039e-01
8.831539154052734375e-01
8.742310404777526855e-01
8.654192090034484863e-01
8.567174673080444336e-01
8.481237888336181641e-01
8.396369814872741699e-01
8.312556743621826172e-01
8.229781389236450195e-01
8.148034811019897461e-01
8.067300319671630859e-01
7.987560033798217773e-01
7.908810973167419434e-01
7.831033468246459961e-01
7.754213213920593262e-01
7.678341865539550781e-01
7.603403329849243164e-01
7.529384493827819824e-01
7.456277608871459961e-01
7.384067773818969727e-01
7.312742471694946289e-01
7.242290377616882324e-01
7.172699570655822754e-01
7.103961706161499023e-01
7.036061286926269531e-01
6.968989372253417969e-01
6.902735233306884766e-01
6.837285757064819336e-01
6.772632002830505371e-01
6.708763837814331055e-01
6.645670533180236816e-01
6.583341360092163086e-01
6.521766185760498047e-01
6.460936069488525391e-01
6.400840282440185547e-01
6.341468691825866699e-01
6.282812356948852539e-01
6.224861741065979004e-01
6.167607307434082031e-01
6.111041903495788574e-01
6.055153012275695801e-01
5.999933481216430664e-01
5.945374965667724609e-01
5.891469717025756836e-01
5.838206410408020020e-01
5.785576701164245605e-01
5.733575224876403809e-01
5.682190060615539551e-01
5.631415843963623047e-01
5.581244826316833496e-01
5.531667470932006836e-01
5.482676029205322266e-01
5.434262752532958984e-01
5.386422872543334961e-01
5.339145064353942871e-01
5.292423367500305176e-01
5.246251821517944336e-01
5.200622677803039551e-01
5.155526995658874512e-01
5.110960602760314941e-01
5.066912770271301270e-01
5.023381710052490234e-01
4.980356991291046143e-01
4.937832355499267578e-01
4.895804226398468018e-01
4.854263365268707275e-01
4.813204705715179443e-01
4.772620499134063721e-01
4.732505083084106445e-01
4.692854285240173340e-01
4.653659164905548096e-01
4.614916741847991943e-01
4.576619267463684082e-01
4.538760781288146973e-01
4.501337110996246338e-01
4.464341998100280762e-01
4.427768290042877197e-01
4.391613006591796875e-01
4.355870187282562256e-01
4.320532083511352539e-01
4.285596907138824463e-01
4.251057803630828857e-01
4.216909706592559814e-01
4.183149635791778564e-01
4.149768352508544922e-01
4.116764962673187256e-01
4.084132313728332520e-01
4.051866829395294189e-01
4.019963145256042480e-01
3.988416194915771484e-01
3.957222998142242432e-01
3.926378190517425537e-01
3.895876705646514893e-01
3.865714669227600098e-01
3.835888803005218506e-01
3.806393146514892578e-01
3.777223527431488037e-01
3.748377263545989990e-01
3.719849288463592529e-01
3.691635429859161377e-01
3.663733005523681641e-01
3.636135756969451904e-01
3.608841598033905029e-01
3.581845760345458984e-01
3.555146157741546631e-01
3.528736531734466553e-01
3.502614498138427734e-01
3.476776480674743652e-01
3.451219797134399414e-01
3.425937891006469727e-01
3.400931656360626221e-01
3.376193940639495850e-01
3.351723849773406982e-01
3.327515423297882080e-01
3.303567469120025635e-01
3.279875814914703369e-01
3.256437182426452637e-01
3.233249187469482422e-01
3.210308551788330078e-01
3.187611997127532959e-01
3.165155649185180664e-01
3.142938315868377686e-01
3.120955228805541992e-01
3.099203407764434814e-01
3.077681660652160645e-01
3.056385517120361328e-01
3.035312891006469727e-01
3.014461100101470947e-01
2.993827164173126221e-01
2.973408997058868408e-01
2.953202724456787109e-01
2.933206558227539062e-01
2.913418114185333252e-01
2.893834114074707031e-01
2.874452173709869385e-01
2.855271100997924805e-01
2.836285829544067383e-01
2.817496359348297119e-01
2.798898816108703613e-01
2.780491709709167480e-01
2.762272655963897705e-01
2.744238376617431641e-01
2.726387381553649902e-01
2.708717286586761475e-01
2.691226303577423096e-01
2.673911750316619873e-01
2.656771838665008545e-01
2.639803588390350342e-01
2.623006701469421387e-01
2.606377005577087402e-01
2.589913308620452881e-01
2.573613822460174561e-01
2.557476162910461426e-01
2.541499435901641846e-01
2.525680363178253174e-01
2.510017156600952148e-01
2.494508326053619385e-01
2.479152679443359375e-01
2.463947236537933350e-01
2.448890656232833862e-01
2.433981150388717651e-01
2.419216930866241455e-01
2.404595911502838135e-01
2.390117496252059937e-01
2.375778257846832275e-01
2.361578196287155151e-01
2.347514331340789795e-01
2.333586513996124268e-01
2.319791615009307861e-01
2.306129336357116699e-01
2.292596399784088135e-01
2.279193103313446045e-01
2.265916764736175537e-01
2.252765893936157227e-01
2.239740043878555298e-01
2.226836830377578735e-01
2.214054912328720093e-01
2.201392948627471924e-01
2.188848704099655151e-01
2.176422923803329468e-01
2.164112329483032227e-01
2.151916623115539551e-01
2.139833271503448486e-01
2.127861976623535156e-01
2.116001248359680176e-01
2.104249447584152222e-01
2.092605382204055786e-01
2.081068605184555054e-01
2.069636732339859009e-01
2.058309018611907959e-01
2.047084420919418335e-01
2.035961151123046875e-01
2.024938911199569702e-01
2.014015913009643555e-01
2.003191560506820679e-01
1.992463618516921997e-01
1.981831938028335571e-01
1.971295475959777832e-01
1.960852742195129395e-01
1.950502991676330566e-01
1.940244287252426147e-01
1.930076777935028076e-01
1.919998377561569214e-01
1.910008639097213745e-01
1.900106370449066162e-01
1.890290975570678711e-01
1.880561113357543945e-01
1.870916038751602173e-01
1.861354410648345947e-01
1.851875334978103638e-01
1.842478215694427490e-01
1.833161562681198120e-01
1.823925375938415527e-01
1.814768165349960327e-01
1.805688738822937012e-01
1.796686947345733643e-01
1.787761300802230835e-01
1.778911352157592773e-01
1.770136207342147827e-01
1.761434674263000488e-01
1.752806454896926880e-01
1.744250506162643433e-01
1.735765635967254639e-01
1.727351695299148560e-01
1.719007939100265503e-01
1.710733473300933838e-01
1.702526062726974487e-01
1.694387197494506836e-01
1.686314791440963745e-01
1.678308695554733276e-01
1.670368164777755737e-01
1.662492156028747559e-01
1.654679924249649048e-01
1.646931022405624390e-01
1.639244407415390015e-01
1.631620228290557861e-01
1.624057143926620483e-01
1.616554856300354004e-01
1.609112173318862915e-01
1.601728200912475586e-01
1.594403833150863647e-01
1.587136685848236084e-01
1.579927504062652588e-01
1.572774946689605713e-01
1.565678119659423828e-01
1.558637022972106934e-01
1.551651060581207275e-01
1.544719189405441284e-01
1.537841558456420898e-01
1.531016528606414795e-01
1.524244844913482666e-01
1.517524868249893188e-01
1.510856151580810547e-01
1.504238694906234741e-01
1.497671753168106079e-01
1.491155028343200684e-01
1.484687179327011108e-01
1.478268206119537354e-01
1.471897959709167480e-01
1.465575844049453735e-01
1.459300667047500610e-01
1.453072428703308105e-01
1.446890830993652344e-01
1.440754532814025879e-01
1.434664577245712280e-01
1.428619027137756348e-01
1.422618031501770020e-01
1.416661143302917480e-01
1.410747915506362915e-01
1.404877901077270508e-01
1.399050205945968628e-01
1.393264979124069214e-01
1.387521773576736450e-01
1.381819844245910645e-01
1.376159191131591797e-01
1.370538771152496338e-01
1.364958733320236206e-01
1.359418481588363647e-01
1.353917717933654785e-01
1.348455846309661865e-01
1.343032270669937134e-01
1.337647140026092529e-01
1.332299560308456421e-01
1.326989978551864624e-01
1.321717500686645508e-01
1.316481083631515503e-01
1.311281174421310425e-01
1.306117773056030273e-01
1.300989538431167603e-01
1.295896619558334351e-01
1.290838718414306641e-01
1.285815536975860596e-01
1.280826032161712646e-01
1.275871247053146362e-01
1.270949393510818481e-01
1.266061216592788696e-01
1.261206269264221191e-01
1.256383061408996582e-01
1.251592785120010376e-01
1.246834546327590942e-01
1.242107897996902466e-01
1.237412169575691223e-01
1.232748031616210938e-01
1.228114590048789978e-01
1.223511323332786560e-01
1.218938603997230530e-01
1.214395835995674133e-01
1.209882348775863647e-01
1.205398440361022949e-01
1.200943961739540100e-01
1.196517497301101685e-01
1.192120164632797241e-01
1.187751218676567078e-01
1.183409765362739563e-01
1.179096251726150513e-01
1.174810156226158142e-01
1.170551478862762451e-01
